sphere, 0, 0, -1, 0.5, 0.3, 0.1, 0.1, 0.9, 0.3, 0.3, 1, 1, 1, 15
sphere, 0, 1.1, -1, 0.5, 0.3, 0.3, 0.1, 0.99, 0.99, 0.3, 1, 1, 1, 15
sphere, 0, -100.5, -1, 100,  0.1, 0.3, 0.35, 0.1, 0.8, 0.9, 1, 1, 1, 10
plane, 1, 1, 0, 3.0, 0.18, 0.08, 0.18, 0.55, 0.25, 0.55, 1, 1, 1, 8
cylinder, 0.5, -0.3, 0.5, 0.5, 1.0, 0.0, 0.3, 0.1, 0.0, 1.0, 0.25, 1, 1, 1, 25
sphere, 1, -0.3, -1, 0.2, 0.0, 0.0, 0.0, 0.2, 0.2, 0.2, 1, 1, 1, 30
triangle, 0.5, 1.3, 0.5, 0.3, 1.2, 0.9, 0.5, 0.6, -0.5, 0.25, 0.25, 0.12, 0.55, 0.55, 0.25, 1, 1, 1, 8
sphere, 1.4, 0, -1.2, 0.2, 0.1, 0.1, 0.3, 0.4, 0.5, 0.9, 1, 1, 1, 30
sphere, 2.0, 0.5, -1.8, 0.4, 0.05, 0.3, 0.3, 0.5, 1.0, 1.0, 1, 1, 1, 30
cylinder, 2.6, -1.0, 1.0, 0.2, 5.0, 0.37, 0.14, 0.0, 1.0, 0.5, 0.15, 1, 1, 1, 10
